library(overlapping) 
set.seed(1) 
fibar = as.numeric(list(1.11, 0.6, 0.74, 0.37, 0.51, 0.6, 0.37, 0.91, 0.71, 0.77, 0.71, 0.51, 0.74, 0.91, 0.31, 0.23, 1.11, 0.89, 0.74, 0.74, 0.43, 0.34, 1.0, 1.0, 0.63, 1.66, 0.34, 0.4, 0.43, 0.97, 1.09, 0.29, 0.34, 0.69, 1.14, 0.34, 0.91, 0.37, 0.37, 0.4, 0.6, 0.29, 0.97, 0.49, 0.69, 0.77, 0.37, 1.23, 0.31, 0.34, 0.86, 0.51, 0.69, 0.6, 0.83, 0.6, 0.51, 0.43, 0.69, 0.6, 0.37, 0.69, 0.63, 0.89, 0.74, 1.29, 1.43, 0.63, 0.54, 0.86, 0.31, 1.03, 1.03, 1.17, 0.51, 0.91, 0.6, 0.37, 0.34, 0.97, 0.46, 0.2, 0.89, 0.37, 1.37, 0.37, 0.8, 0.29, 0.6, 0.43, 0.63, 0.51, 0.8, 0.8, 0.34, 0.37, 0.6, 0.91, 0.26, 1.49, 2.09, 0.69, 0.34, 0.29, 0.6, 1.11, 1.46, 0.51, 1.54, 1.14, 1.4, 0.2, 1.4, 1.6, 1.51, 0.74, 0.09, 0.23, 0.54, 1.14, 1.49, 0.49, 1.83, 1.74, 1.51, 1.2, 1.54, 1.6, 1.03, 1.2, 1.46, 0.43, 0.74, 0.2, 1.2, 1.94, 0.6, 0.09, 0.37, 1.2, 2.49, 0.94, 0.69, 0.97, 0.86, 1.29, 0.66, 0.91, 1.0, 0.11, 0.69, 0.77, 1.06, 0.94, 0.29, 0.2, 1.29, 1.23, 1.29, 1.2, 0.2, 1.17, 0.46, 1.49, 0.43, 1.6, 0.66, 0.34, 1.49, 1.49, 0.91, 1.46, 1.4, 1.89, 1.23, 1.57, 0.49, 1.71, 0.77, 1.06, 1.94, 0.66, 1.17, 1.09, 0.66, 1.51, 0.6, 1.09, 0.63, 0.66, 1.26, 1.37, 2.17, 1.37, 0.51, 0.34, 0.83, 1.0, 0.4, 0.43, 0.57, 0.37, 0.54, 0.66, 0.57, 0.34, 0.74, 0.57, 0.23, 0.74, 0.66, 1.17, 0.51, 1.57, 1.14, 0.74, 0.14, 1.0, 0.46, 0.86, 0.23, 0.66, 1.03, 0.77, 0.31, 1.17, 0.6, 0.66, 0.37, 0.66, 0.6, 0.86, 0.69, 1.09, 0.6, 0.69, 0.77, 0.86, 0.71, 0.46, 0.34, 0.74, 0.94, 0.6, 0.83, 0.71, 0.69, 0.54, 0.26, 0.51, 0.4, 0.97, 0.6, 0.37, 0.14, 0.91, 0.46, 0.6, 0.17, 0.46, 1.54, 1.4, 0.74, 0.43, 0.91, 1.03, 1.54, 1.29, 0.63, 1.74, 0.34, 0.6, 1.37, 0.74, 1.34, 0.66, 1.0, 0.6, 0.6, 0.6, 1.17, 0.54, 0.6, 0.74, 1.03, 0.29, 0.71, 0.91, 0.77, 1.14, 0.54, 1.06, 0.6, 0.6, 1.46, 1.51, 0.11))

dj = as.numeric(list(0.23, 0.4, 0.63, 0.74, 0.29, 0.8, 0.97, 0.29, 0.17, 1.49, 0.69, 0.8, 0.29, 0.51, 1.31, 0.4, 0.4, 0.4, 0.46, 0.91, 0.86, 1.09, 0.57, 1.03, 0.63, 0.74, 1.94, 1.03, 0.97, 0.74, 1.37, 0.34, 0.86, 0.34, 0.69, 0.57, 0.34, 0.57, 0.97, 0.51, 1.09, 0.46, 1.2, 0.74, 0.23, 0.57, 0.51, 0.74, 1.03, 0.46, 0.34, 0.69, 0.34, 0.4, 0.74, 0.29, 0.91, 0.4, 0.97, 0.4, 1.09, 0.46, 0.11, 0.86, 0.4, 0.34, 0.97, 0.46, 1.31, 0.34, 1.2, 0.34, 0.46, 0.63, 0.97, 0.8, 1.09, 0.51, 0.69, 0.57, 0.11, 0.23, 0.74, 1.09, 0.86, 0.34, 0.63, 0.4, 0.29, 0.74, 0.97, 0.57, 0.23, 0.34, 0.51, 0.34, 0.86, 0.29, 0.69, 0.63, 0.57, 1.09, 0.46, 1.31, 1.26, 0.97, 0.69, 0.4, 0.29, 0.8, 0.17, 0.8, 0.57, 0.29, 0.63, 0.69, 0.46, 0.34, 0.8, 0.34, 0.4, 0.91, 1.14, 0.4, 1.26, 0.51, 0.4, 0.74, 0.34, 0.8, 0.51, 0.69, 0.23, 0.29, 0.63, 0.69, 1.49, 0.74, 0.69, 1.43, 0.63, 0.17, 1.03, 0.57, 1.14, 0.8, 0.69, 0.69, 1.09, 0.63, 0.4, 1.26, 0.51, 0.46, 0.8, 0.51, 0.51, 1.31, 0.91, 1.03, 0.57, 1.09, 0.69, 1.6, 0.74, 0.57, 0.46, 1.54, 0.11, 0.69, 0.86, 0.63, 0.74, 1.31, 0.4, 2.0, 0.74, 0.51, 0.4, 0.51, 0.8, 0.69, 0.69, 1.14, 0.8, 0.91, 0.51, 0.8, 0.29, 0.86, 0.34, 0.46, 0.63, 0.4, 0.34, 0.8, 1.2, 0.51, 0.4, 0.29, 0.4, 0.57, 0.46, 0.4, 0.91, 0.51, 0.86, 0.91, 0.74, 0.97, 0.69, 0.4, 0.4, 0.91, 1.66, 0.4, 0.34, 0.63, 0.63, 0.46, 1.49, 0.23, 0.4, 0.63, 0.63, 0.17, 1.26, 0.57, 0.34, 0.57, 0.74, 0.46, 0.4, 0.29, 0.46, 0.63, 0.63, 0.86, 0.86, 0.74, 0.57, 0.8, 0.74, 0.4, 0.86, 0.46, 0.69, 0.46, 0.57, 0.69, 0.57, 0.74, 0.8, 0.74, 0.97, 0.63, 1.54, 1.03, 0.74, 0.4, 1.09, 0.4, 0.91, 0.97, 0.4, 0.29, 1.6, 0.91, 0.57, 0.8, 0.74, 0.23, 1.26, 0.4, 1.49, 2.23, 1.43, 0.69, 0.46, 0.34, 1.6, 0.46, 0.4, 0.8, 0.4, 1.54, 0.69, 1.26, 0.17, 0.86, 0.34, 1.43, 0.74, 0.57, 0.51, 0.57, 0.86, 0.8, 0.8, 0.17))

simp = as.numeric(list(0.38, 0.29, 0.61, 0.29, 0.69, 0.42, 0.79, 0.45, 1.13, 0.96, 0.69, 0.49, 1.3, 0.69, 0.45, 1.0, 1.08, 0.34, 1.45, 0.63, 0.42, 0.46, 1.05, 1.01, 1.59, 0.62, 0.98, 0.38, 0.69, 0.89, 0.49, 1.51, 0.61, 0.29, 0.4, 0.82, 0.59, 1.21, 1.33, 0.46, 0.69, 0.44, 0.47, 0.92, 0.46, 0.31, 0.57, 0.92, 0.65, 0.36, 0.48, 0.29, 0.63, 0.74, 0.49, 0.51, 0.51, 0.53, 0.95, 0.56, 1.3, 0.67, 0.83, 0.92, 0.57, 0.77, 0.46, 0.29, 0.4, 0.4, 0.63, 0.35, 0.36, 0.78, 0.47, 1.37, 0.63, 0.32, 0.46, 0.81, 0.74, 0.46, 0.42, 0.8, 0.38, 1.05, 0.67, 0.6, 1.21, 0.93, 0.38, 0.65, 0.37, 0.61, 0.91, 0.86, 0.91, 0.92, 0.46, 0.69, 0.56, 0.41, 0.71, 0.29, 0.34, 1.43, 0.93, 1.54, 0.51, 0.97, 0.34, 0.57, 0.52, 1.43, 0.57, 0.63, 1.3, 0.41, 0.4, 0.51, 1.54, 0.4, 1.3, 1.38, 1.0, 0.77, 0.62, 0.29, 0.34, 0.69, 0.62, 0.31, 0.61, 1.04, 0.4, 1.21, 1.61, 0.35, 0.58, 0.7, 0.49, 1.09, 0.67, 0.44, 1.37, 0.29, 1.19, 0.51, 1.28, 0.62, 0.97, 0.48, 0.41, 0.54, 0.77, 1.83, 0.8, 0.34, 0.45, 0.73, 1.21, 0.69, 0.37, 0.46, 1.14, 0.9, 0.77, 0.57, 0.56, 0.45, 0.87, 0.46, 0.69, 0.79, 1.04, 1.33, 1.13, 0.44, 0.33, 0.63, 0.53, 0.44, 0.38, 0.81, 0.45, 0.49, 0.29, 0.4, 0.33, 0.71, 1.49, 0.89, 0.44, 1.37, 0.7, 0.63, 0.33, 0.37, 1.11, 0.69, 0.4, 0.38, 0.59, 0.86, 0.34, 1.13, 1.43, 0.51, 0.57, 1.63, 0.96, 0.91, 1.29, 0.26, 1.0, 0.79, 0.63, 0.51, 1.45, 0.33, 1.07, 1.21, 0.57, 0.57, 0.41, 0.61, 0.64, 0.46, 0.46, 0.44, 1.45, 0.32, 0.47, 0.77, 1.77, 0.98, 1.5, 0.32, 1.0, 0.63, 0.69, 0.37, 0.69, 0.75, 0.87, 0.47, 0.46, 1.09, 0.36, 0.74, 0.99, 0.82, 1.78, 0.46, 0.29, 0.49, 1.22, 1.03, 0.69, 0.82, 0.64, 0.74, 0.32, 0.38, 0.29, 0.45, 1.51, 0.64, 0.87, 0.72, 0.72, 0.4, 0.41, 0.31, 0.4, 0.48, 0.46, 0.44, 0.63, 0.65, 1.22, 0.51, 0.78, 0.65, 0.33, 0.89, 0.29, 0.59, 1.46, 0.89, 0.32, 0.4, 0.48, 0.57, 1.18, 1.09, 0.95, 0.34, 0.34, 1.07))

man1 = as.numeric(list(1.044,
0.369,
1.442,
1.053,
1.184,
1.22,
0.424,
0.916,
0.474,
0.437,
0.441,
0.686,
0.471,
0.412,
0.75,
0.364,
1.232,
0.324,
1.172,
0.759,
0.487,
1.085,
0.46,
1.042,
0.41,
1.353,
0.508,
1.144,
0.508,
0.4,
0.457,
0.503,
0.291,
0.313,
0.843,
0.803,
0.457,
0.582,
1.212,
1.238,
1.475,
0.395,
1.322,
0.383,
0.416,
0.437,
0.4,
0.493,
0.818,
0.735,
0.279,
0.882,
1.373,
0.869,
0.77,
0.437,
0.354,
0.458,
0.537,
0.313,
0.424,
1.446,
0.4,
0.866,
0.343,
0.663,
0.342,
0.446,
0.797,
0.538,
0.748,
0.309,
0.276,
0.468,
0.925,
0.241,
0.264,
0.326,
1.218,
0.371,
1.095,
0.459,
0.602,
0.338,
0.362,
0.67,
0.484,
0.436,
0.67,
0.481,
0.346,
0.891,
0.422,
0.302,
1.268,
0.411,
1.105,
0.815,
0.561,
0.502,
0.728,
0.927,
0.468,
0.735,
0.371,
0.35,
0.346,
0.714,
0.337,
0.191,
0.25,
0.367,
0.373,
0.456,
0.302,
0.268,
0.396,
0.71,
0.322,
0.358,
0.474,
0.353,
0.888,
0.835,
0.343,
0.999,
0.357,
0.622,
0.342,
1.661,
0.945,
0.867,
0.635,
0.677,
0.541,
0.551,
0.617,
0.317,
0.628,
0.214,
1.001,
0.669,
0.824,
0.399,
0.417,
0.835,
0.635,
0.357,
0.381,
0.415,
0.525,
1.188,
0.376,
0.411,
0.252,
0.306,
0.353,
0.242,
0.207,
0.775,
0.643,
0.619,
0.611,
0.5,
0.529,
0.464,
0.97,
0.725,
0.892,
0.384,
0.411,
0.627,
0.838,
0.189,
0.318,
0.384,
0.475,
0.779,
0.746,
0.635,
0.388,
0.355,
0.295,
0.556,
0.451,
0.794,
0.738,
0.369,
0.659,
0.295,
0.925,
0.356,
0.313,
0.556,
0.301,
0.28,
0.206,
0.746,
0.238,
0.318,
0.383,
0.861,
0.459,
0.354,
0.638,
0.29,
0.264,
0.785,
0.522,
0.819,
0.355,
0.422,
0.359,
0.384,
0.308,
0.383,
0.443,
0.397,
0.48,
0.422,
0.359,
0.532,
0.318,
0.414,
0.378,
0.48,
0.834,
0.71,
0.649,
0.422,
0.264,
0.336,
0.544,
0.534,
0.238,
0.944,
0.33,
0.295,
0.295,
0.375,
0.301,
0.384,
0.354,
0.373,
0.278,
0.527,
0.737,
0.739,
0.665,
0.295,
0.344,
0.651,
0.33,
0.504,
0.589,
0.324,
0.58,
0.369,
0.286,
0.701,
0.928,
0.315,
0.313,
0.869,
0.252,
0.463,
0.776,
0.23,
0.567,
0.359,
0.33,
0.413,
0.373))

man2=as.numeric(list(0.34,
0.56,
0.49,
0.28,
0.30,
0.73,
0.71,
0.44,
0.92,
0.48,
0.25,
0.21,
1.01,
0.79,
0.64,
0.32,
0.46,
0.52,
0.81,
0.36,
0.35,
0.33,
0.57,
1.25,
0.30,
0.71,
0.26,
0.21,
0.38,
0.52,
0.85,
0.58,
0.72,
0.32,
0.30,
0.35,
0.39,
0.55,
0.30,
0.74,
0.70,
0.61,
0.70,
0.83,
0.38,
0.28,
0.84,
0.75,
0.32,
0.54,
0.32,
0.87,
0.70,
0.41,
0.98,
0.27,
0.55,
0.25,
0.60,
0.31,
0.30,
0.35,
0.29,
0.32,
0.30,
0.54,
0.33,
1.18,
0.59,
0.69,
0.30,
0.65,
0.80,
0.41,
0.36,
0.33,
0.37,
0.79,
0.27,
0.27,
0.83,
0.36,
0.45,
0.34,
0.69,
0.38,
0.58,
1.12,
0.67,
0.77,
0.81,
0.49,
0.30,
0.28,
0.31,
0.71,
0.79,
0.35,
0.55,
0.47,
0.33,
0.28,
0.36,
0.94,
0.58,
0.65,
0.39,
0.66,
0.37,
0.72,
0.27,
0.28,
0.35,
0.67,
0.46,
0.86,
0.35,
0.34,
0.32,
0.43,
0.89,
0.40,
0.57,
0.40,
0.29,
0.34,
0.77,
0.26,
0.31,
0.32,
0.73,
0.43,
0.31,
0.50,
0.74,
0.31,
0.30,
1.18,
1.42,
1.28,
0.94,
0.96,
0.39,
0.49,
1.11,
0.52,
0.89,
1.15,
0.42,
0.42,
0.60,
0.48,
1.00,
1.16,
0.95,
1.19,
1.35,
0.37,
0.48,
1.25,
0.37,
0.72,
0.60,
1.45,
0.79,
0.44,
0.38,
0.41,
0.73,
0.43,
0.42,
0.41,
0.44))

man3=as.numeric(list(
0.645,
0.555,
0.354,
0.767,
0.942,
0.335,
1.079,
0.571,
0.800,
0.671,
0.296,
0.682,
0.501,
0.684,
0.699,
0.230,
0.396,
0.803,
1.267,
0.465,
0.359,
0.770,
0.343,
0.354,
0.728,
0.783,
0.796,
0.699,
0.445,
0.400,
0.591,
0.983,
1.043,
0.877,
0.421,
0.329,
0.353,
0.359,
0.792,
0.372,
0.606,
0.271,
0.580,
0.418,
0.212,
0.355,
0.317,
0.738,
0.294,
0.377,
0.343,
0.418,
0.395,
0.776,
0.606,
0.358,
0.335,
0.335,
0.303,
0.648,
0.631,
0.524,
0.726,
0.428,
0.335,
0.437,
0.418,
0.682,
0.317,
0.318,
0.400,
0.400,
0.335,
0.323,
0.413,
0.333,
0.682,
0.335,
0.263,
0.150,
1.213,
1.080,
0.855,
0.459,
0.445,
0.400,
0.629,
0.359,
0.303,
0.530,
0.317,
0.271,
0.514,
0.358,
0.409,
0.400,
0.437,
0.344,
0.606,
0.237,
0.323,
0.291,
0.400,
0.307,
0.853,
0.631,
0.296,
0.230,
0.792,
0.434,
0.699,
0.277,
0.586,
0.692,
0.317,
0.364,
0.832,
0.813,
0.471,
0.318,
0.324,
0.329,
0.359,
0.372,
0.795,
0.354,
0.648,
0.251,
0.396,
0.400,
0.457,
0.355,
0.265,
0.294,
1.098,
0.620,
0.387,
0.354,
0.253,
0.344,
0.459,
0.214,
0.307,
0.650,
0.343,
0.277,
0.421,
0.661,
0.294,
0.896,
0.291,
0.424,
0.329,
0.296,
0.317,
0.506,
0.413,
0.364,
0.290,
0.459,
0.383,
0.307,
0.250,
0.171,
0.243,
0.300,
0.206,
0.237,
0.179,
0.266,
0.263,
0.661,
0.416,
0.335,
0.271,
0.271,
0.792,
0.324,
0.265,
0.253,
0.317,
0.474,
0.294,
0.434,
0.560,
0.418,
0.460,
0.294,
0.224,
0.412,
0.197,
0.212,
0.271,
0.325,
0.606,
0.792,
0.354,
0.335,
0.243,
0.214,
0.335,
0.383,
0.413,
1.443,
0.932,
0.600,
1.206,
1.001,
1.190,
0.441,
0.501,
0.906,
0.665,
0.602,
0.487,
0.370,
0.523,
0.714,
1.103,
1.218,
1.011,
1.072,
0.437,
0.478,
0.326,
0.764,
0.827,
1.041,
0.426,
1.511,
0.472,
0.434,
0.465,
0.542,
0.906,
0.321,
0.413,
1.510,
0.467,
0.689,
0.861,
0.489,
0.569,
0.507,
0.319,
0.512,
0.726,
0.804,
0.512,
0.508,
0.438,
1.364,
0.738,
0.506,
0.454,
0.398,
1.015,
0.370,
0.592,
0.511,
0.815,
0.557,
0.346,
0.381,
0.432,
0.523,
0.405))

man4=as.numeric(list(0.699,
0.818,
0.288,
0.452,
0.515,
0.482,
0.438,
0.807,
0.43,
0.449,
0.283,
0.559,
0.856,
0.986,
0.394,
0.428,
0.513,
0.455,
0.423,
0.763,
0.423,
0.574,
0.508,
0.464,
0.838,
0.553,
0.507,
0.434,
0.886,
0.861,
0.41,
1.02,
0.397,
0.341,
0.6,
0.714,
0.435,
0.44,
0.477,
1.171,
0.839,
0.344,
0.414,
0.593,
0.671,
0.414,
0.29,
0.28,
0.5,
0.521,
0.532,
0.457,
0.316,
0.394,
0.418,
0.391,
0.36,
0.738,
0.41,
0.583,
0.433,
0.347,
1.187,
0.293,
0.593,
0.704,
0.931,
0.338,
0.408,
0.774,
0.362,
0.541,
0.358,
0.552,
0.378,
0.592,
0.314,
0.677,
1.235,
0.533,
0.69,
1.161,
1.311,
0.916,
0.362,
0.813,
0.727,
0.822,
0.245,
0.241,
0.349,
0.362,
0.301,
0.426,
1.108,
0.676,
1.254,
0.375,
0.628,
0.614,
0.669,
0.866,
0.426,
0.588,
0.363,
0.324,
0.248,
0.983,
0.419,
0.305,
0.453,
0.342,
0.353,
0.664,
0.409,
0.386,
0.803,
0.348,
0.361,
0.44,
0.425,
0.38,
0.338,
0.339,
1.19,
0.531,
0.34,
0.368,
0.74,
0.346,
0.358,
0.599,
0.314,
0.399,
0.384,
0.455,
0.407,
0.374,
0.335,
0.437,
0.445,
0.369,
0.648,
0.349,
0.299,
0.687,
0.442,
0.343,
0.338,
0.391,
0.77,
0.327,
0.321,
0.127,
0.294,
0.479,
0.368,
0.397,
0.293,
0.319,
0.374,
0.559,
0.341,
0.312,
0.354,
0.834,
0.338,
0.423,
0.385,
0.896,
0.901,
0.329,
0.391,
0.364,
0.559,
0.385,
0.587,
0.353,
0.348,
0.39,
0.504,
0.894,
0.824,
0.413,
0.438,
0.427,
0.508,
0.512,
0.712,
0.821,
0.319,
0.367,
0.444,
0.354,
1.28,
0.404,
0.348,
0.9,
0.835,
0.321,
1.243,
1.362,
0.419,
0.516,
0.457,
0.557,
0.488,
0.815,
0.545,
1.147,
0.339,
0.942,
1.594,
0.881,
0.332,
0.457,
0.448,
0.501,
0.742,
1.55,
0.404,
0.53,
0.555,
0.49,
0.208,
0.405,
0.266,
0.906,
0.444,
0.717,
0.824,
1.209,
1.288,
1.089,
0.271,
0.522,
0.901,
0.492,
0.509,
0.552,
1.628,
0.266,
1.122,
0.545,
0.616,
0.498,
1.257,
0.503,
0.79,
0.439,
0.562,
0.579,
0.863,
0.417,
0.875,
0.953,
1.354,
0.447,
0.575,
0.555,
0.393,
0.879,
1.164,
0.661,
0.631,
0.498,
1.66,
0.781,
0.508,
0.465,
0.844,
0.536))
man5=as.numeric(list(0.545,
0.718,
0.886,
0.414,
1.280,
0.454,
0.681,
0.471,
0.325,
0.347,
0.632,
1.173,
0.414,
0.781,
0.508,
0.373,
0.760,
0.749,
0.749,
0.965,
1.091,
0.272,
0.260,
0.454,
0.427,
0.459,
0.545,
0.645,
0.908,
0.378,
0.471,
0.463,
0.736,
0.390,
1.081,
0.309,
1.120,
0.745,
0.501,
0.754,
0.606,
0.373,
0.368,
0.287,
0.655,
0.552,
0.424,
0.599,
0.368,
0.890,
1.089,
0.432,
0.406,
0.464,
0.402,
0.699,
0.597,
0.402,
0.536,
0.272,
0.448,
0.374,
0.363,
0.378,
0.336,
0.434,
0.777,
0.574,
0.431,
0.723,
0.720,
1.040,
0.899,
0.630,
0.829,
0.390,
0.373,
0.317,
0.488,
0.475,
0.316,
0.336,
0.621,
0.746,
0.508,
0.289,
0.258,
0.346,
0.494,
0.321,
0.501,
0.496,
0.478,
0.806,
0.175,
0.618,
1.437,
0.321,
0.390,
0.844,
0.715,
0.692,
0.425,
0.409,
0.627,
0.319,
0.373,
0.366,
0.648,
0.487,
0.721,
0.552,
0.326,
0.286,
0.579,
0.361,
0.469,
0.361,
0.595,
0.859,
0.893,
0.430,
0.444,
0.852,
0.461,
0.270,
0.469,
0.617,
0.809,
0.333,
0.366,
0.469,
0.698,
0.663,
0.447,
0.802,
0.308,
0.345,
0.397,
0.349,
0.291,
0.409,
0.343,
0.666,
0.366,
0.348,
0.465,
0.505,
0.667,
0.316,
0.525,
0.256,
0.223,
0.574,
0.575,
1.144,
0.840,
0.316,
0.373,
0.404,
0.263,
1.024,
0.319,
0.304,
0.435,
0.400,
0.457,
0.326,
0.389,
0.304,
0.401,
0.639,
0.667,
0.401,
0.588,
0.376,
0.462,
0.319,
0.309,
0.286,
0.429,
0.555,
0.506,
0.353,
0.492,
0.462,
0.603,
0.425,
0.465,
0.286,
0.397,
0.505,
0.343,
0.741,
0.376,
0.882,
0.371,
0.534,
0.283,
0.429,
1.107,
1.179,
1.140,
0.367,
0.341,
0.367,
0.932,
1.526,
1.199,
0.455,
0.407,
0.473,
1.217,
1.262,
0.785,
0.319,
0.720,
0.392,
0.466,
0.368,
1.421,
1.404,
0.509,
1.372,
0.479,
0.683,
0.316,
0.515,
0.741,
0.940,
0.460,
0.682,
1.274,
0.732,
1.216,
1.079,
0.481,
0.624,
0.783,
0.487,
0.582,
1.014,
0.368,
1.183,
0.430,
0.539,
0.799,
0.442,
0.631,
1.069,
0.340,
0.793,
0.604,
0.460,
0.393,
0.282,
0.509,
0.480,
0.455,
0.377,
0.455,
1.446,
0.527))

data = list(d1=fibar, d2=dj, d3=simp, d4=man1, d5=man2, d6=man3, d7=man4, d8=man5) 
out = overlap(x=data) 
print(out$OV)
print(mean(fibar))
print(mean(dj))
print(mean(simp))
print(mean(man1))
print(mean(man2))
print(mean(man3))
print(mean(man4))
print(mean(man5))
print(sd(fibar))
print(sd(dj))
print(sd(simp))
print(sd(man1))
print(sd(man2))
print(sd(man3))
print(sd(man4))
print(sd(man5))
print(median(fibar))
print(median(dj))
print(median(simp))
print(median(man1))
print(median(man2))
print(median(man3))
print(median(man4))
print(median(man5))
